773326
24748180
28161447
226526
4070950
1031528
10929612
10034900
8558602
11199519
24120934
12091482
14655840
2246676
30560197
1000493
12697506
11522460
12458811
13237917
30768590
18307052
19130383
24422935
20521880
14407356
28574994
30009672
30564614
30467556
913870
29544057
29659458
30278139
30283503
29802687
30277719
29869683
29632788
18042383
30244365
31338110
22179895
16504007
24254533
18398981
8308309
25988680
13066200
27550078
15746445
15934769
20413702
16981770
22765126
778624
15870483
24642838
26749651
10309376
29829849
11049327
26780470
8117098
22647070
28112109
29345757
24185293
23885689
17896520
23737627
24280378
24323563
24441964
24896356
24990562
25648546
25126708
25199491
25378600
25777516
26016352
25789177
26318164
26297398
26264026
26178553
26114965
26145799
25898701
24359236
27840028
18901942
23665939
22321021
13912332
21211352
14543364
4146378
8675872
28262646
29719422
23858161
16214825
23854162
276641
940621
3424358
4898674
5637016
24213064
23960293
26381884
27564019
16524260
16924287
17634578
18986971
22522510
22620097
23080057
24714835
9571799
3075146
22919152
24497068
5584822
6640147
6623260
6640297
6719008
8035081
7654720
6097105
6133324
7325851
6350893
22274713
5587792
6133375
6056386
5965983
6645070
14893214
4415864
17542490
23914366
24514252
24977866
25421236
25980283
25818475
14814254
14450877
6437884
14292084
18048302
14489121
6157952
7053145
15786897
17060081
6660886
7046398
8621923
13555062
28052439
23119000
16131950
16944177
17072600
23508589
22654231
24502909
27512848
23593183
23793511
23980390
24493804
24499207
24931090
23824402
24984283
24971608
24116974
25074973
24440851
27812530
22512223
22173733
23442220
9651944
25487185
15795267
22915420
24376396
24752242
21291359
15130934
14819783
19442419
15921234
128154
25731598
25924711
27052978
19193698
23229958
24500239
24383005
21162422
426080
24062323
25608517
24559264
426728
9276614
28099377
8173738
6572197
261838
23625256
23468263
27772630
24188674
24289921
24353284
24456211
24672478
24609943
24933325
25154599
25280494
25399108
25516936
26427124
26549245
26566213
21824215
26572456
26617483
26743438
26756926
23505013
26830756
25940251
27294742
27373819
27488413
26467342
17893868
26423458
25666873
23030551
24790372
26345116
23662105
24954358
24821920
90259
30180
16550210
21771577
20570699
25058437
23468794
21516136
24687697
23329216
22867171
22514278
23167936
23641153
24393301
22514476
26398768
25491565
26109232
24935305

